86
69
57
98
76
66
55
71
90
25
63
11
17
6
51
17
77
47
8
53
68
50
30
29
17
22
89
72
53
19
47
3
52
56
2
65
38
62
17
43
64
44
66
13
9
30
16
36
85
63
75
25
17
3
40
11
78
25
43
33
77
90
73
7
36
39
15
15
15
45
53
11
25
8
28
3
21
9
3
65
50
13
53
22
71
8
15
71
45
87
6
48
35
38
23
46
67
90
7
59
94
18
16
49
35
57
5
19
33
56
94
68
84
50
31
82
97
90
71
22
86
96
70
24
94
53
87
21
5
68
84
81
81
6
89
19
79
86
52
83
69
66
4
20
38
72
73
55
25
20
74
88
88
63
78
8
88
16
33
60
69
79
96
41
75
72
0
21
35
81
43
54
58
80
97
30
57
64
98
36
78
51
82
33
31
26
55
54
23
73
39
94
3
33
97
96
55
8
85
37
23
13
28
80
34
29
78
62
48
14
4
41
68
42
26
96
16
39
13
34
69
55
79
48
36
8
35
48
7
55
49
5
42
5
28
25
22
26
66
59
40
73
17
30
99
29
74
86
98
96
20
38
25
55
0
30
19
34
76
59
38
76
95
81
81
2
6
14
66
45
25
86
24
39
38
31
14
45
55
10
46
59
43
75
55
52
30
15
29
44
74
36
40
96
39
47
63
25
68
61
34
5
52
47
57
27
22
25
31
98
96
61
48
1
60
98
30
58
22
64
98
70
58
91
65
90
90
85
85
92
4
32
55
67
70
17
26
12
3
58
1
18
85
3
87
11
81
82
36
50
47
16
41
4
60
32
69
2
31
19
22
92
43
18
3
6
35
37
56
28
35
84
4
51
87
0
72
19
58
31
52
60
29
9
23
50
36
44
16
93
50
63
11
33
68
51
63
55
51
42
26
69
55
38
24
45
33
51
90
70
89
33
26
78
89
89
23
76
49
81
82
94
27
71
44
35
29
43
8
88
3
38
53
92
47
52
69
23
31
25
54
35
64
4
94
54
22
44
86
45
1
97
95
14
23
31
12
26
12
50
16
16
82
63
9
1
79
98
3
89
73
93
23
8
61
72
76
48
28
79
67
19
6
19
27
68
77
28
91
81
78
69
57
92
36
53
9
1
42
73
38
36
32
4
89
40
26
42
80
39
95
50
74
17
20
31
22
52
97
6
30
78
39
3
9
43
21
93
97
42
61
55
82
47
55
70
6
18
59
73
18
51
72
5
49
66
25
33
80
47
16
13
37
88
63
59
50
62
22
15
38
60
16
2
92
98
86
42
44
76
38
13
94
53
81
79
34
99
99
65
85
16
85
88
59
26
57
35
22
16
66
35
20
17
67
81
90
58
41
1
47
96
33
58
52
44
53
49
45
41
11
20
25
20
44
76
28
97
42
10
43
81
61
88
50
4
61
88
81
87
73
71
24
4
65
72
80
21
77
90
23
50
33
0
57
42
17
37
73
10
94
37
55
22
40
55
68
8
28
91
97
75
61
3
58
38
22
71
54
15
27
39
43
87
81
23
63
74
85
38
26
3
29
38
48
70
6
31
56
71
66
10
14
52
70
62
70
79
0
80
6
18
62
16
46
56
42
24
72
61
47
88
22
25
19
3
13
29
3
85
47
27
56
90
13
58
66
92
15
99
50
85
52
83
90
41
36
57
62
7
53
2
47
46
54
64
27
94
65
44
84
25
15
74
25
94
80
96
59
44
10
2
65
28
40
49
68
25
92
65
7
36
16
78
34
41
29
24
90
49
58
87
83
30
36
66
47
37
68
62
56
11
51
64
13
44
3
9
51
93
6
74
18
24
2
64
51
93
56
52
20
31
55
45
74
62
30
12
12
9
62
37
70
45
13
4
6
73
91
38
51
44
31
15
22
25
84
24
58
14
10
82
97
97
44
14
53
82
83
80
21
17
20
60
67
81
45
88
32
92
93
64
68
75
95
43
29
65
88
59
67
47
16
49
88
49
12
58
54
93
10
6
18
30
92
20
57
20
30
30
2
43
58
68
47
58
41
35
49
23
88
61
83
96
6
84
42
8
73
30
75
5
33
18
10
30
80
16
20
94
20
84
25
52
40
5
55
28
73
80
39
99
14
28
29
43
3
52
27
23
42
78
47
47
40
52
90
91
30
4
18
90
13
56
93
93
48
60
72
62
29
56
66
53
96
2
5
34
71
70
99
93
7
33
75
30
92
91
15
84
40
9
25
29
86
35
90
20
71
76
83
40
14
8
60
53
12
47
76
90
